[gd_scene load_steps=20 format=3 uid="uid://cllubx6m63ejy"]

[ext_resource type="PackedScene" uid="uid://dalkpem7nb8h8" path="res://tower_spot.tscn" id="1_710bw"]
[ext_resource type="PackedScene" uid="uid://di1x7cpc2ow5c" path="res://player.tscn" id="2_2uye5"]
[ext_resource type="Script" path="res://payload.gd" id="2_7qpxe"]

[sub_resource type="ProceduralSkyMaterial" id="ProceduralSkyMaterial_jye5g"]
sky_horizon_color = Color(0.64625, 0.65575, 0.67075, 1)
ground_horizon_color = Color(0.64625, 0.65575, 0.67075, 1)

[sub_resource type="Sky" id="Sky_0hby4"]
sky_material = SubResource("ProceduralSkyMaterial_jye5g")

[sub_resource type="Environment" id="Environment_n3ka6"]
background_mode = 2
sky = SubResource("Sky_0hby4")
tonemap_mode = 2
glow_enabled = true

[sub_resource type="BoxMesh" id="BoxMesh_amsyp"]
size = Vector3(7.49837, 1.36483, 8.76219)

[sub_resource type="BoxShape3D" id="BoxShape3D_jccas"]
size = Vector3(7.49837, 1.36483, 8.76219)

[sub_resource type="BoxMesh" id="BoxMesh_wl7w6"]
size = Vector3(27.5775, 1.36483, 8.76219)

[sub_resource type="BoxShape3D" id="BoxShape3D_lf0we"]
size = Vector3(27.5775, 1.36483, 8.76219)

[sub_resource type="BoxMesh" id="BoxMesh_wcvxx"]
size = Vector3(21.2838, 1.36483, 9.75378)

[sub_resource type="BoxShape3D" id="BoxShape3D_kt1fq"]
size = Vector3(21.2838, 1.36483, 9.75378)

[sub_resource type="BoxMesh" id="BoxMesh_iitr6"]
size = Vector3(3, 0.5, 8.5)

[sub_resource type="BoxShape3D" id="BoxShape3D_i142f"]
size = Vector3(3, 0.5, 8.2)

[sub_resource type="BoxShape3D" id="BoxShape3D_0drms"]
size = Vector3(3.1, 0.5, 1)

[sub_resource type="BoxMesh" id="BoxMesh_h2gve"]
size = Vector3(3, 0.5, 11)

[sub_resource type="BoxShape3D" id="BoxShape3D_cujhb"]
size = Vector3(3, 0.5, 11)

[sub_resource type="Curve3D" id="Curve3D_iudv8"]
_data = {
"points": PackedVector3Array(0, 0, 0, 0, 0, 0, -25.0614, -1.81251, -19.4889, 0, 0, 0, 0, 0, 0, -21.5624, -1.35475, -24.2956, -0.241669, -0.0721452, 0.471569, 0.241669, 0.0721452, -0.471569, -18.0138, -0.063823, -31.5647, -0.811407, -0.10435, 1.14817, 0.811407, 0.10435, -1.14817, -17.3761, -0.102828, -37.5465, -1.02168, 0.0250652, -1.24827, 1.02168, -0.0250652, 1.24827, -12.7878, -0.211564, -37.6815, -1.08891, -0.00824213, -1.17009, 1.08891, 0.00824213, 1.17009, -12.7045, -0.205557, -32.8354, -1.25375, -0.00171781, 1.8637, 1.25375, 0.00171781, -1.8637, -9.18786, -0.220504, -33.0599, -1.12667, -0.0154741, 1.2537, 1.12667, 0.0154741, -1.2537, -8.34649, -0.193464, -37.4517, -0.542807, 0.000834465, -1.84369, 0.542807, -0.000834465, 1.84369, -4.6295, -0.193264, -36.2815, -1.04254, -0.222052, -2.37054, 1.04254, 0.222052, 2.37054, -4.78993, -0.0663321, -31.4636, -0.896479, -0.0589759, 0.804615, 0.896479, 0.0589759, -0.804615, -0.802961, -0.232669, -31.1672, -2.42296, 0.00155783, -0.792679, 2.42296, -0.00155783, 0.792679, 2.68361, -0.174379, -36.3595, 0.224245, 0.0039711, -2.08972, -0.224245, -0.0039711, 2.08972, 4.65944, -0.172749, -31.6694, 0.603977, 0.00260735, -1.34276, -0.603977, -0.00260735, 1.34276, 1.9894, -0.187001, -29.3414, 0, 0, 0, 0, 0, 0, 1.02811, -1.14497, -18.8907, 0, 0, 0, 0, 0, 0, 2.89849, -1.1759, -2.63446),
"tilts": PackedFloat32Array(0, 0, 0, 0, 0, 0, 0, 0, 0, 0, 0, 0, 0, 0, 0, 0)
}
point_count = 16

[sub_resource type="BoxMesh" id="BoxMesh_eua2x"]

[node name="MainScene" type="Node3D"]

[node name="WorldEnvironment" type="WorldEnvironment" parent="."]
environment = SubResource("Environment_n3ka6")

[node name="DirectionalLight3D" type="DirectionalLight3D" parent="."]
transform = Transform3D(-0.866025, -0.433013, 0.25, 0, 0.5, 0.866025, -0.5, 0.75, -0.433013, 0, 0, 0)
shadow_enabled = true

[node name="Environment" type="Node3D" parent="."]

[node name="Islands" type="Node3D" parent="Environment"]

[node name="Island1" type="StaticBody3D" parent="Environment/Islands"]
transform = Transform3D(0.994476, 0.00397739, -0.10489, -0.0139116, 0.995461, -0.0941497, 0.10404, 0.0950888, 0.990017, 0, 0, 0)

[node name="Mesh" type="MeshInstance3D" parent="Environment/Islands/Island1"]
mesh = SubResource("BoxMesh_amsyp")
skeleton = NodePath("../../..")

[node name="CollisionShape3D" type="CollisionShape3D" parent="Environment/Islands/Island1"]
shape = SubResource("BoxShape3D_jccas")

[node name="Island2" type="StaticBody3D" parent="Environment/Islands"]
transform = Transform3D(0.990275, 0, -0.139121, 0, 1, 0, 0.139121, 0, 0.990275, 17.1547, 1.52037, -13.586)

[node name="Mesh" type="MeshInstance3D" parent="Environment/Islands/Island2"]
mesh = SubResource("BoxMesh_wl7w6")
skeleton = NodePath("../../..")

[node name="CollisionShape3D" type="CollisionShape3D" parent="Environment/Islands/Island2"]
shape = SubResource("BoxShape3D_lf0we")

[node name="Island3" type="StaticBody3D" parent="Environment/Islands"]
transform = Transform3D(0.0436193, 0, -0.999048, 0, 1, 0, 0.999048, 0, 0.0436193, 26.8886, 0.460512, 12.5741)

[node name="Mesh" type="MeshInstance3D" parent="Environment/Islands/Island3"]
mesh = SubResource("BoxMesh_wcvxx")
skeleton = NodePath("../../..")

[node name="CollisionShape3D" type="CollisionShape3D" parent="Environment/Islands/Island3"]
shape = SubResource("BoxShape3D_kt1fq")

[node name="Bridges" type="Node3D" parent="Environment"]

[node name="Bridge1" type="StaticBody3D" parent="Environment/Bridges"]

[node name="MeshInstance3D" type="MeshInstance3D" parent="Environment/Bridges/Bridge1"]
transform = Transform3D(0.908144, -0.011304, -0.418505, -0.0518266, 0.988911, -0.139173, 0.415438, 0.148079, 0.897488, 4.082, 1.35, -7.32)
mesh = SubResource("BoxMesh_iitr6")

[node name="CollisionShape3D" type="CollisionShape3D" parent="Environment/Bridges/Bridge1"]
transform = Transform3D(0.908144, -0.0113041, -0.418506, -0.0518266, 0.988911, -0.139173, 0.415438, 0.148079, 0.897488, 4.082, 1.35, -7.32)
shape = SubResource("BoxShape3D_i142f")

[node name="CollisionShape3D2" type="CollisionShape3D" parent="Environment/Bridges/Bridge1"]
transform = Transform3D(0.992757, -0.0448096, -0.111467, 0, 0.927836, -0.372988, 0.120137, 0.370286, 0.921116, 5.61292, 1.7788, -10.3328)
shape = SubResource("BoxShape3D_0drms")

[node name="Bridge2" type="StaticBody3D" parent="Environment/Bridges"]

[node name="MeshInstance3D" type="MeshInstance3D" parent="Environment/Bridges/Bridge2"]
transform = Transform3D(0.99343, -0.0164591, -0.113252, 0.00553127, 0.995353, -0.0961368, 0.114308, 0.0948787, 0.988904, 25.4013, 1.38626, -2.91003)
mesh = SubResource("BoxMesh_h2gve")

[node name="CollisionShape3D" type="CollisionShape3D" parent="Environment/Bridges/Bridge2"]
transform = Transform3D(0.99343, -0.0164592, -0.113253, 0.00553128, 0.995353, -0.0961371, 0.114309, 0.094879, 0.988904, 25.4013, 1.38626, -2.91003)
shape = SubResource("BoxShape3D_cujhb")

[node name="CollisionShape3D2" type="CollisionShape3D" parent="Environment/Bridges/Bridge2"]
transform = Transform3D(0.992757, -0.0448096, -0.111467, 0, 0.927836, -0.372988, 0.120137, 0.370286, 0.921116, 25.9783, 1.77533, -7.48131)
shape = SubResource("BoxShape3D_0drms")

[node name="Towers" type="Node3D" parent="."]

[node name="TowerSpot" parent="Towers" instance=ExtResource("1_710bw")]
transform = Transform3D(1, 0, 0, 0, 0.992431, -0.122805, 0, 0.122805, 0.992431, -2.1683, 0.989566, -3.09224)

[node name="TowerSpot2" parent="Towers" instance=ExtResource("1_710bw")]
transform = Transform3D(1, 0, 0, 0, 0.992431, -0.122805, 0, 0.122805, 0.992431, 1.20179, 0.303079, 3.53658)

[node name="TowerSpot3" parent="Towers" instance=ExtResource("1_710bw")]
transform = Transform3D(1, 0, 0, 0, 0.992431, -0.122805, 0, 0.122805, 0.992431, 2.76728, 0.459578, 1.7502)

[node name="TowerSpot4" parent="Towers" instance=ExtResource("1_710bw")]
transform = Transform3D(1, 0, 0, 0, 0.999998, 0.00190242, 0, -0.00190242, 0.999998, 4.9867, 2.16042, -18.7608)

[node name="TowerSpot5" parent="Towers" instance=ExtResource("1_710bw")]
transform = Transform3D(1, 0, 0, 0, 0.999998, 0.00190242, 0, -0.00190242, 0.999998, 4.01318, 2.20504, -14.1559)

[node name="TowerSpot6" parent="Towers" instance=ExtResource("1_710bw")]
transform = Transform3D(1, 0, 0, 0, 0.999998, 0.00190242, 0, -0.00190242, 0.999998, 8.87809, 2.20504, -16.0749)

[node name="TowerSpot7" parent="Towers" instance=ExtResource("1_710bw")]
transform = Transform3D(1, 0, 0, 0, 0.999998, 0.00190242, 0, -0.00190242, 0.999998, 8.87809, 2.20504, -13.6676)

[node name="TowerSpot8" parent="Towers" instance=ExtResource("1_710bw")]
transform = Transform3D(1, 0, 0, 0, 0.999998, 0.00190242, 0, -0.00190242, 0.999998, 12.8633, 2.13728, -14.5551)

[node name="TowerSpot9" parent="Towers" instance=ExtResource("1_710bw")]
transform = Transform3D(1, 0, 0, 0, 0.999998, 0.00190242, 0, -0.00190242, 0.999998, 17.1656, 2.13728, -15.375)

[node name="TowerSpot10" parent="Towers" instance=ExtResource("1_710bw")]
transform = Transform3D(1, 0, 0, 0, 0.999998, 0.00190242, 0, -0.00190242, 0.999998, 17.1656, 2.13728, -12.0573)

[node name="TowerSpot11" parent="Towers" instance=ExtResource("1_710bw")]
transform = Transform3D(1, 0, 0, 0, 0.999998, 0.00190242, 0, -0.00190242, 0.999998, 21.3299, 2.13728, -13.3795)

[node name="TowerSpot12" parent="Towers" instance=ExtResource("1_710bw")]
transform = Transform3D(1, 0, 0, 0, 0.999998, 0.00190242, 0, -0.00190242, 0.999998, 26.1216, 2.13794, -12.3067)

[node name="TowerSpot13" parent="Towers" instance=ExtResource("1_710bw")]
transform = Transform3D(1, 0, 0, 0, 0.999998, 0.00190242, 0, -0.00190242, 0.999998, 30.1012, 2.13794, -14.9757)

[node name="TowerSpot14" parent="Towers" instance=ExtResource("1_710bw")]
transform = Transform3D(1, 0, 0, 0, 0.999998, 0.00190242, 0, -0.00190242, 0.999998, 30.1012, 1.18091, 3.38338)

[node name="TowerSpot15" parent="Towers" instance=ExtResource("1_710bw")]
transform = Transform3D(1, 0, 0, 0, 0.999998, 0.00190242, 0, -0.00190242, 0.999998, 27.6921, 1.18091, 3.38338)

[node name="TowerSpot16" parent="Towers" instance=ExtResource("1_710bw")]
transform = Transform3D(1, 0, 0, 0, 0.999998, 0.00190242, 0, -0.00190242, 0.999998, 28.9737, 1.18091, 6.98772)

[node name="TowerSpot17" parent="Towers" instance=ExtResource("1_710bw")]
transform = Transform3D(1, 0, 0, 0, 0.999998, 0.00190242, 0, -0.00190242, 0.999998, 28.9737, 1.18091, 11.3808)

[node name="TowerSpot18" parent="Towers" instance=ExtResource("1_710bw")]
transform = Transform3D(1, 0, 0, 0, 0.999998, 0.00190242, 0, -0.00190242, 0.999998, 22.9017, 1.18091, 11.3808)

[node name="TowerSpot19" parent="Towers" instance=ExtResource("1_710bw")]
transform = Transform3D(1, 0, 0, 0, 0.999998, 0.00190242, 0, -0.00190242, 0.999998, 22.9017, 1.18091, 4.53186)

[node name="TowerSpot20" parent="Towers" instance=ExtResource("1_710bw")]
transform = Transform3D(1, 0, 0, 0, 0.999998, 0.00190242, 0, -0.00190242, 0.999998, 22.9017, 1.18091, 17.7085)

[node name="TowerSpot21" parent="Towers" instance=ExtResource("1_710bw")]
transform = Transform3D(1, 0, 0, 0, 0.999998, 0.00190242, 0, -0.00190242, 0.999998, 30.1317, 1.18091, 17.7085)

[node name="TowerSpot22" parent="Towers" instance=ExtResource("1_710bw")]
transform = Transform3D(1, 0, 0, 0, 0.999998, 0.00190242, 0, -0.00190242, 0.999998, 26.9974, 1.18091, 21.1977)

[node name="TowerSpot23" parent="Towers" instance=ExtResource("1_710bw")]
transform = Transform3D(1, 0, 0, 0, 0.999998, 0.00190242, 0, -0.00190242, 0.999998, 29.5562, 1.18091, 21.1977)

[node name="TowerSpot24" parent="Towers" instance=ExtResource("1_710bw")]
transform = Transform3D(1, 0, 0, 0, 0.999998, 0.00190242, 0, -0.00190242, 0.999998, 23.8856, 1.18091, 21.1977)

[node name="Route" type="Node3D" parent="."]
transform = Transform3D(1, 0, 0, 0, 0.999998, 0.00190242, 0, -0.00190242, 0.999998, 23.8856, 1.18091, 21.1977)

[node name="Path3D" type="Path3D" parent="Route"]
transform = Transform3D(1, 0, 0, 0, 1, 0, 0, 0, 1, -0.127686, 1.32013, -0.688011)
curve = SubResource("Curve3D_iudv8")

[node name="Payload" type="PathFollow3D" parent="Route/Path3D"]
transform = Transform3D(0.808474, -0.0451798, -0.586794, -1.86264e-09, 0.997048, -0.076767, 0.588531, 0.0620642, 0.806088, -25.0614, -1.81251, -19.4889)
script = ExtResource("2_7qpxe")
speed = 4

[node name="MeshInstance3D" type="MeshInstance3D" parent="Route/Path3D/Payload"]
mesh = SubResource("BoxMesh_eua2x")

[node name="Player" parent="." instance=ExtResource("2_2uye5")]
transform = Transform3D(0.15, 0, 0, 0, 0.15, 0, 0, 0, 0.15, -0.410413, 0.536, 1.58252)
